image_width: 480
image_height: 640
camera_name: camera1
camera_matrix:
  rows: 3
  cols: 3
  data: [274.138037, 0.000000, 697.878171, 0.000000, 272.433521, 514.052018, 0.000000, 0.000000, 1.000000]
distortion_model: plumb_bob
distortion_coefficients:
  rows: 1
  cols: 5
  data: [-0.007744, -0.000930, -0.000494, -0.001071, 0.000000]
rectification_matrix:
  rows: 3
  cols: 3
  data: [1.000000, 0.000000, 0.000000, 0.000000, 1.000000, 0.000000, 0.000000, 0.000000, 1.000000]
projection_matrix:
  rows: 3
  cols: 4
  data: [269.487671, 0.000000, 700.187194, 0.000000, 0.000000, 264.920837, 521.223339, 0.000000, 0.000000, 0.000000, 1.000000, 0.000000]
